-0.7 8.0
-0.7 7.55
-0.7 7.1
-0.7 6.65
-0.7 6.2
-0.7 5.75
-0.7 5.3
-0.7 4.85
-0.7 4.4
-0.7 3.95
-0.7 3.5
-0.7 3.05
-0.7 2.6
-0.7 2.15
-0.7 1.7
-0.7 1.25
-0.7 0.8
-0.7 0.35
-0.25 0.35
-0.25 0.8
-0.25 1.25
-0.25 1.7
-0.25 2.15
-0.25 2.6
-0.25 3.05
-0.25 3.5
-0.25 3.95
-0.25 4.4
-0.25 4.85
-0.25 5.3
-0.25 5.75
-0.25 6.2
-0.25 6.65
-0.25 7.1
-0.25 7.55
-0.25 8.0
-0.25 8.45
-0.25 8.9
-0.25 9.35
-0.25 9.8
-0.25 10.25
-0.25 10.7
-0.25 11.15
-0.25 11.6
-0.25 12.05
-0.25 12.5
-0.25 12.95
-0.25 13.4
-0.25 13.85
-0.25 14.3
-0.25 14.75
-0.25 15.2
-0.25 15.65
-0.25 16.1
-0.25 16.55
-0.25 17.0
-0.25 17.45
-0.25 17.9
-0.25 18.35
0.2 18.35
0.2 17.9
0.2 17.45
0.2 17.0
0.2 16.55
0.2 16.1
0.2 15.65
0.2 15.2
0.2 14.75
0.65 14.75
0.65 15.2
0.65 15.65
0.65 16.1
0.65 16.55
0.65 17.0
0.65 17.45
0.65 17.9
0.65 18.35
1.1 18.35
1.1 17.9
1.1 17.45
1.1 17.0
1.1 16.55
1.1 16.1
1.1 15.65
1.1 15.2
1.1 14.75
1.55 14.75
1.55 15.2
1.55 15.65
1.55 16.1
1.55 16.55
1.55 17.0
1.55 17.45
1.55 17.9
1.55 18.35
2.0 18.35
2.0 17.9
2.0 17.45
2.0 17.0
2.0 16.55
2.0 16.1
2.0 15.65
2.0 15.2
2.0 14.75
2.0 14.3
1.55 14.3
1.1 14.3
0.65 14.3
0.2 14.3
0.2 13.85
0.2 13.4
0.2 12.95
0.2 12.5
0.2 12.05
0.2 11.6
0.2 11.15
0.2 10.7
0.2 10.25
0.2 9.8
0.2 9.35
0.2 8.9
0.2 8.45
0.2 8.0
0.2 7.55
0.2 7.1
0.2 6.65
0.2 6.2
0.2 5.75
0.2 5.3
0.2 4.85
0.2 4.4
0.2 3.95
0.2 3.5
0.2 3.05
0.2 2.6
0.2 2.15
0.2 1.7
0.2 1.25
0.2 0.8
0.2 0.35
0.65 0.35
0.65 0.8
0.65 1.25
1.1 1.25
1.1 0.8
1.1 0.35
1.55 0.35
1.55 0.8
1.55 1.25
2.0 1.25
2.0 0.8
2.0 0.35
2.0 -0.1
1.55 -0.1
1.1 -0.1
0.65 -0.1
0.2 -0.1
-0.25 -0.1
-0.7 -0.1
-1.15 -0.1
-1.6 -0.1
-2.05 -0.1
-2.05 0.35
-2.05 0.8
-2.05 1.25
-2.05 1.7
-2.05 2.15
-2.05 2.6
-2.05 3.05
-2.05 3.5
-2.05 3.95
-2.05 4.4
-2.05 4.85
-2.05 5.3
-2.05 5.75
-2.05 6.2
-2.05 6.65
-2.05 7.1
-2.5 7.1
-2.95 7.1
-2.95 7.55
-2.95 8.0
-2.95 8.45
-2.95 8.9
-2.95 9.35
-2.95 9.8
-2.95 10.25
-2.95 10.7
-2.95 11.15
-2.95 11.6
-2.95 12.05
-2.95 12.5
-2.95 12.95
-2.95 13.4
-2.95 13.85
-2.95 14.3
-2.95 14.75
-2.95 15.2
-2.95 15.65
-2.95 16.1
-2.95 16.55
-2.95 17.0
-2.95 17.45
-2.95 17.9
-2.95 18.35
-2.5 18.35
-2.5 17.9
-2.5 17.45
-2.5 17.0
-2.5 16.55
-2.5 16.1
-2.5 15.65
-2.5 15.2
-2.5 14.75
-2.5 14.3
-2.5 13.85
-2.5 13.4
-2.5 12.95
-2.5 12.5
-2.5 12.05
-2.5 11.6
-2.5 11.15
-2.5 10.7
-2.5 10.25
-2.5 9.8
-2.5 9.35
-2.5 8.9
-2.5 8.45
-2.5 8.0
-2.5 7.55
-2.05 7.55
-2.05 8.0
-2.05 8.45
-2.05 8.9
-2.05 9.35
-2.05 9.8
-2.05 10.25
-2.05 10.7
-2.05 11.15
-2.05 11.6
-2.05 12.05
-2.05 12.5
-2.05 12.95
-2.05 13.4
-2.05 13.85
-2.05 14.3
-2.05 14.75
-2.05 15.2
-2.05 15.65
-2.05 16.1
-2.05 16.55
-2.05 17.0
-2.05 17.45
-1.6 17.45
-1.6 17.0
-1.6 16.55
-1.6 16.1
-1.6 15.65
-1.6 15.2
-1.6 14.75
-1.6 14.3
-1.6 13.85
-1.6 13.4
-1.6 12.95
-1.6 12.5
-1.6 12.05
-1.6 11.6
-1.6 11.15
-1.6 10.7
-1.6 10.25
-1.6 9.8
-1.6 9.35
-1.6 8.9
-1.6 8.45
-1.6 8.0
-1.6 7.55
-1.6 7.1
-1.6 6.65
-1.6 6.2
-1.6 5.75
-1.6 5.3
-1.6 4.85
-1.6 4.4
-1.6 3.95
-1.6 3.5
-1.6 3.05
-1.6 2.6
-1.6 2.15
-1.6 1.7
-1.6 1.25
-1.6 0.8
-1.6 0.35
-1.15 0.35
-1.15 0.8
-1.15 1.25
-1.15 1.7
-1.15 2.15
-1.15 2.6
-1.15 3.05
-1.15 3.5
-1.15 3.95
-1.15 4.4
-1.15 4.85
-1.15 5.3
-1.15 5.75
-1.15 6.2
-1.15 6.65
-1.15 7.1
-1.15 7.55
-1.15 8.0
-1.15 8.45
-1.15 8.9
-1.15 9.35
-1.15 9.8
-1.15 10.25
-1.15 10.7
-1.15 11.15
-1.15 11.6
-1.15 12.05
-1.15 12.5
-1.15 12.95
-1.15 13.4
-1.15 13.85
-1.15 14.3
-1.15 14.75
-1.15 15.2
-1.15 15.65
-1.15 16.1
-1.15 16.55
-1.15 17.0
-1.15 17.45
-0.7 17.45
-0.7 17.0
-0.7 16.55
-0.7 16.1
-0.7 15.65
-0.7 15.2
-0.7 14.75
-0.7 14.3
-0.7 13.85
-0.7 13.4
-0.7 12.95
-0.7 12.5
-0.7 12.05
-0.7 11.6
-0.7 11.15
-0.7 10.7
-0.7 10.25
-0.7 9.8
-0.7 9.35
-0.7 8.9
-0.7 8.45
