-0.7 21.5
-0.7 21.05
-0.7 20.6
-0.7 20.15
-0.7 19.7
-0.7 19.25
-0.7 18.8
-0.7 18.35
-0.7 17.9
-1.15 17.9
-1.15 18.35
-1.15 18.8
-1.15 19.25
-1.15 19.7
-1.15 20.15
-1.15 20.6
-1.15 21.05
-1.15 21.5
-1.15 21.95
-1.15 22.4
-1.6 22.4
-1.6 21.95
-1.6 21.5
-1.6 21.05
-1.6 20.6
-1.6 20.15
-1.6 19.7
-1.6 19.25
-1.6 18.8
-1.6 18.35
-1.6 17.9
-2.05 17.9
-2.05 18.35
-2.05 18.8
-2.05 19.25
-2.05 19.7
-2.05 20.15
-2.05 20.6
-2.05 21.05
-2.05 21.5
-2.05 21.95
-2.05 22.4
-2.5 22.4
-2.5 21.95
-2.5 21.5
-2.5 21.05
-2.5 20.6
-2.5 20.15
-2.5 19.7
-2.5 19.25
-2.5 18.8
-2.95 18.8
-2.95 19.25
-2.95 19.7
-2.95 20.15
-2.95 20.6
-2.95 21.05
-2.95 21.5
-2.95 21.95
-2.95 22.4
-2.95 22.85
-2.5 22.85
-2.05 22.85
-1.6 22.85
-1.15 22.85
-1.15 23.3
-1.15 23.75
-1.15 24.2
-1.15 24.65
-1.15 25.1
-1.15 25.55
-1.15 26.0
-1.15 26.45
-1.15 26.9
-1.15 27.35
-1.15 27.8
-1.15 28.25
-1.15 28.7
-1.15 29.15
-1.15 29.6
-1.15 30.05
-1.15 30.5
-1.15 30.95
-1.15 31.4
-1.15 31.85
-1.15 32.3
-1.15 32.75
-1.15 33.2
-1.15 33.65
-1.15 34.1
-1.15 34.55
-1.15 35.0
-1.6 35.0
-1.6 34.55
-1.6 34.1
-1.6 33.65
-1.6 33.2
-1.6 32.75
-1.6 32.3
-1.6 31.85
-1.6 31.4
-1.6 30.95
-1.6 30.5
-1.6 30.05
-1.6 29.6
-1.6 29.15
-1.6 28.7
-2.05 28.7
-2.05 29.15
-2.05 29.6
-2.05 30.05
-2.05 30.5
-2.05 30.95
-2.05 31.4
-2.05 31.85
-2.05 32.3
-2.05 32.75
-2.05 33.2
-2.05 33.65
-2.05 34.1
-2.05 34.55
-2.05 35.0
-2.5 35.0
-2.5 34.55
-2.5 34.1
-2.5 33.65
-2.5 33.2
-2.5 32.75
-2.5 32.3
-2.5 31.85
-2.5 31.4
-2.5 30.95
-2.5 30.5
-2.5 30.05
-2.5 29.6
-2.5 29.15
-2.5 28.7
-2.95 28.7
-2.95 29.15
-2.95 29.6
-2.95 30.05
-2.95 30.5
-2.95 30.95
-2.95 31.4
-2.95 31.85
-2.95 32.3
-2.95 32.75
-2.95 33.2
-2.95 33.65
-2.95 34.1
-2.95 34.55
-2.95 35.0
-2.95 35.45
-2.5 35.45
-2.05 35.45
-1.6 35.45
-1.15 35.45
-1.15 35.9
-1.15 36.35
-0.7 36.35
-0.25 36.35
0.2 36.35
0.2 35.9
0.2 35.45
0.2 35.0
0.2 34.55
0.2 34.1
0.2 33.65
0.2 33.2
0.2 32.75
0.2 32.3
0.2 31.85
0.2 31.4
0.2 30.95
0.2 30.5
0.2 30.05
0.2 29.6
0.2 29.15
0.2 28.7
0.2 28.25
0.2 27.8
0.2 27.35
0.65 27.35
1.1 27.35
1.55 27.35
2.0 27.35
2.0 26.9
2.0 26.45
2.0 26.0
2.0 25.55
2.0 25.1
2.0 24.65
2.0 24.2
2.0 23.75
2.0 23.3
2.0 22.85
2.0 22.4
2.0 21.95
2.0 21.5
2.0 21.05
2.0 20.6
2.0 20.15
2.0 19.7
2.0 19.25
2.0 18.8
1.55 18.8
1.55 19.25
1.55 19.7
1.55 20.15
1.55 20.6
1.55 21.05
1.55 21.5
1.55 21.95
1.55 22.4
1.55 22.85
1.55 23.3
1.55 23.75
1.55 24.2
1.55 24.65
1.55 25.1
1.55 25.55
1.55 26.0
1.55 26.45
1.55 26.9
1.1 26.9
1.1 26.45
1.1 26.0
1.1 25.55
1.1 25.1
1.1 24.65
1.1 24.2
1.1 23.75
1.1 23.3
1.1 22.85
1.1 22.4
1.1 21.95
1.1 21.5
1.1 21.05
1.1 20.6
1.1 20.15
1.1 19.7
1.1 19.25
1.1 18.8
0.65 18.8
0.65 19.25
0.65 19.7
0.65 20.15
0.65 20.6
0.65 21.05
0.65 21.5
0.65 21.95
0.65 22.4
0.65 22.85
0.65 23.3
0.65 23.75
0.65 24.2
0.65 24.65
0.65 25.1
0.65 25.55
0.65 26.0
0.65 26.45
0.65 26.9
0.2 26.9
0.2 26.45
0.2 26.0
0.2 25.55
0.2 25.1
0.2 24.65
0.2 24.2
0.2 23.75
0.2 23.3
0.2 22.85
0.2 22.4
0.2 21.95
0.2 21.5
0.2 21.05
0.2 20.6
0.2 20.15
0.2 19.7
0.2 19.25
0.2 18.8
-0.25 18.8
-0.25 19.25
-0.25 19.7
-0.25 20.15
-0.25 20.6
-0.25 21.05
-0.25 21.5
-0.25 21.95
-0.25 22.4
-0.25 22.85
-0.25 23.3
-0.25 23.75
-0.25 24.2
-0.25 24.65
-0.25 25.1
-0.25 25.55
-0.25 26.0
-0.25 26.45
-0.25 26.9
-0.25 27.35
-0.25 27.8
-0.25 28.25
-0.25 28.7
-0.25 29.15
-0.25 29.6
-0.25 30.05
-0.25 30.5
-0.25 30.95
-0.25 31.4
-0.25 31.85
-0.25 32.3
-0.25 32.75
-0.25 33.2
-0.25 33.65
-0.25 34.1
-0.25 34.55
-0.25 35.0
-0.25 35.45
-0.25 35.9
-0.7 35.9
-0.7 35.45
-0.7 35.0
-0.7 34.55
-0.7 34.1
-0.7 33.65
-0.7 33.2
-0.7 32.75
-0.7 32.3
-0.7 31.85
-0.7 31.4
-0.7 30.95
-0.7 30.5
-0.7 30.05
-0.7 29.6
-0.7 29.15
-0.7 28.7
-0.7 28.25
-0.7 27.8
-0.7 27.35
-0.7 26.9
-0.7 26.45
-0.7 26.0
-0.7 25.55
-0.7 25.1
-0.7 24.65
-0.7 24.2
-0.7 23.75
-0.7 23.3
-0.7 22.85
-0.7 22.4
-0.7 21.95
