-1.6 44.0
-1.6 43.55
-1.6 43.1
-1.6 42.65
-1.6 42.2
-1.6 41.75
-1.6 41.3
-1.6 40.85
-1.6 40.4
-1.6 39.95
-1.6 39.5
-1.6 39.05
-1.6 38.6
-1.6 38.15
-1.6 37.7
-1.6 37.25
-1.6 36.8
-1.6 36.35
-1.6 35.9
-2.05 35.9
-2.05 36.35
-2.05 36.8
-2.05 37.25
-2.05 37.7
-2.05 38.15
-2.05 38.6
-2.05 39.05
-2.05 39.5
-2.05 39.95
-2.05 40.4
-2.05 40.85
-2.05 41.3
-2.05 41.75
-2.05 42.2
-2.05 42.65
-2.05 43.1
-2.05 43.55
-2.05 44.0
-2.05 44.45
-2.05 44.9
-2.05 45.35
-2.05 45.8
-2.05 46.25
-2.05 46.7
-2.05 47.15
-2.05 47.6
-2.05 48.05
-2.05 48.5
-2.05 48.95
-2.05 49.4
-2.05 49.85
-2.05 50.3
-2.5 50.3
-2.5 49.85
-2.5 49.4
-2.5 48.95
-2.5 48.5
-2.5 48.05
-2.5 47.6
-2.5 47.15
-2.5 46.7
-2.5 46.25
-2.5 45.8
-2.5 45.35
-2.5 44.9
-2.5 44.45
-2.5 44.0
-2.5 43.55
-2.5 43.1
-2.5 42.65
-2.5 42.2
-2.5 41.75
-2.5 41.3
-2.5 40.85
-2.5 40.4
-2.5 39.95
-2.5 39.5
-2.5 39.05
-2.5 38.6
-2.5 38.15
-2.5 37.7
-2.5 37.25
-2.5 36.8
-2.5 36.35
-2.5 35.9
-2.95 35.9
-2.95 36.35
-2.95 36.8
-2.95 37.25
-2.95 37.7
-2.95 38.15
-2.95 38.6
-2.95 39.05
-2.95 39.5
-2.95 39.95
-2.95 40.4
-2.95 40.85
-2.95 41.3
-2.95 41.75
-2.95 42.2
-2.95 42.65
-2.95 43.1
-2.95 43.55
-2.95 44.0
-2.95 44.45
-2.95 44.9
-2.95 45.35
-2.95 45.8
-2.95 46.25
-2.95 46.7
-2.95 47.15
-2.95 47.6
-2.95 48.05
-2.95 48.5
-2.95 48.95
-2.95 49.4
-2.95 49.85
-2.95 50.3
-2.95 50.75
-2.5 50.75
-2.05 50.75
-1.6 50.75
-1.15 50.75
-0.7 50.75
-0.25 50.75
0.2 50.75
0.65 50.75
1.1 50.75
1.1 50.3
1.1 49.85
1.1 49.4
1.1 48.95
1.55 48.95
2.0 48.95
2.0 48.5
2.0 48.05
2.0 47.6
2.0 47.15
2.0 46.7
2.0 46.25
2.0 45.8
2.0 45.35
2.0 44.9
2.0 44.45
2.0 44.0
2.0 43.55
2.0 43.1
2.0 42.65
2.0 42.2
2.0 41.75
2.0 41.3
2.0 40.85
2.0 40.4
1.55 40.4
1.55 40.85
1.55 41.3
1.55 41.75
1.55 42.2
1.55 42.65
1.55 43.1
1.55 43.55
1.55 44.0
1.55 44.45
1.55 44.9
1.55 45.35
1.55 45.8
1.55 46.25
1.55 46.7
1.55 47.15
1.55 47.6
1.55 48.05
1.55 48.5
1.1 48.5
1.1 48.05
1.1 47.6
1.1 47.15
1.1 46.7
1.1 46.25
1.1 45.8
1.1 45.35
1.1 44.9
1.1 44.45
1.1 44.0
1.1 43.55
1.1 43.1
1.1 42.65
1.1 42.2
1.1 41.75
1.1 41.3
1.1 40.85
1.1 40.4
0.65 40.4
0.65 40.85
0.65 41.3
0.65 41.75
0.65 42.2
0.65 42.65
0.65 43.1
0.65 43.55
0.65 44.0
0.65 44.45
0.65 44.9
0.65 45.35
0.65 45.8
0.65 46.25
0.65 46.7
0.65 47.15
0.65 47.6
0.65 48.05
0.65 48.5
0.65 48.95
0.65 49.4
0.65 49.85
0.65 50.3
0.2 50.3
0.2 49.85
0.2 49.4
0.2 48.95
0.2 48.5
0.2 48.05
0.2 47.6
0.2 47.15
0.2 46.7
0.2 46.25
0.2 45.8
0.2 45.35
0.2 44.9
0.2 44.45
0.2 44.0
0.2 43.55
0.2 43.1
0.2 42.65
0.2 42.2
0.2 41.75
0.2 41.3
0.2 40.85
0.2 40.4
0.2 39.95
0.2 39.5
0.2 39.05
0.2 38.6
0.2 38.15
0.2 37.7
0.2 37.25
0.2 36.8
-0.25 36.8
-0.25 37.25
-0.25 37.7
-0.25 38.15
-0.25 38.6
-0.25 39.05
-0.25 39.5
-0.25 39.95
-0.25 40.4
-0.25 40.85
-0.25 41.3
-0.25 41.75
-0.25 42.2
-0.25 42.65
-0.25 43.1
-0.25 43.55
-0.25 44.0
-0.25 44.45
-0.25 44.9
-0.25 45.35
-0.25 45.8
-0.25 46.25
-0.25 46.7
-0.25 47.15
-0.25 47.6
-0.25 48.05
-0.25 48.5
-0.25 48.95
-0.25 49.4
-0.25 49.85
-0.25 50.3
-0.7 50.3
-0.7 49.85
-0.7 49.4
-0.7 48.95
-0.7 48.5
-0.7 48.05
-0.7 47.6
-0.7 47.15
-0.7 46.7
-0.7 46.25
-0.7 45.8
-0.7 45.35
-0.7 44.9
-0.7 44.45
-0.7 44.0
-0.7 43.55
-0.7 43.1
-0.7 42.65
-0.7 42.2
-0.7 41.75
-0.7 41.3
-0.7 40.85
-0.7 40.4
-0.7 39.95
-0.7 39.5
-0.7 39.05
-0.7 38.6
-0.7 38.15
-0.7 37.7
-0.7 37.25
-0.7 36.8
-1.15 36.8
-1.15 37.25
-1.15 37.7
-1.15 38.15
-1.15 38.6
-1.15 39.05
-1.15 39.5
-1.15 39.95
-1.15 40.4
-1.15 40.85
-1.15 41.3
-1.15 41.75
-1.15 42.2
-1.15 42.65
-1.15 43.1
-1.15 43.55
-1.15 44.0
-1.15 44.45
-1.15 44.9
-1.15 45.35
-1.15 45.8
-1.15 46.25
-1.15 46.7
-1.15 47.15
-1.15 47.6
-1.15 48.05
-1.15 48.5
-1.15 48.95
-1.15 49.4
-1.15 49.85
-1.15 50.3
-1.6 50.3
-1.6 49.85
-1.6 49.4
-1.6 48.95
-1.6 48.5
-1.6 48.05
-1.6 47.6
-1.6 47.15
-1.6 46.7
-1.6 46.25
-1.6 45.8
-1.6 45.35
-1.6 44.9
-1.6 44.45
